0001  60  40  40  60  50  60
0006  40  60  40  45  50  40
0008  40  30  40  60  30  60
0009  40  60  40  35  50  40
0010  60  50  40  45  30  80
0013  60  50  50  55  30  60
0014  40  40  30  50  30  40
0017 100  30  50  45  60  40
0018  40  40  40  50  40  60
0019  60  40  50  40  30  40
0020  40  40  50  55  40  40
0025  60  50  70  40  50  60
0026  60  50  60  45  30  40
0032  80  40  50  45  40  80
0033  80  40  30  50  40  40
0034  60  50  40  45  40  60
0036  40  50  50  45  40  40
0037  40  40  30  45  40  60
0042  60  40  40  45  30  40
0043  60  40  40  45  40  60
0044  60  40  40  45  50  40
0047  40  60  40  35  60  40
0048  60  50  40  35  60  80
0053  60  50  50  60  40  60
0061  40  50  30  40  30  40
0063  40  50  30  55  50  60
0066  60  40  50  65  40  40
0070  40  50  40  45  60  60
0071  60  40  30  55  50  40
0075  40  60  50  50  30  40
0077  40  30  40  45  40  60
0078  60  50  40  50  30  60
0079  60  50  40  50  40  40
0082  60  30  40  60  60  80
0084  40  40  60  55  30  60
0086  40  40  40  50  60  60
0088  40  50  40  40  50  60
0096  60  50  50  55  50  40
0098  60  40  40  50  60  60
0099  80  30  30  40  40  40
0100  60  60  40  45  60  60
0101  40  50  30  50  60  80
0104  60  30  50  50  50  60
0105  40  60  50  40  40  40
0106  40  30  50  35  40  60
0107  60  40  50  50  50  60
0108  60  40  30  50  40  40
0109  60  30  50  50  30  60
0112  40  50  50  45  60  40
0113  80  50  60  50  40  60
0115  60  30  40  45  40  40
0126  40  50  50  45  40  60
0127  60  30  50  45  30  40
0134  60  40  30  40  40  40
0135  60  50  40  55  50  40
0137 100 100 100 100 100 100
0138  40  50  40  35  40  40
0143  60  60  50  50  70  60
0144  40  50  50  55  40  40
0146  60  40  30  60  50  40
0147  60  40  50  40  50  60
0149  40  40  30  50  50  80
0150  40  30  40  45  30  80
0151  40  70  50  50  40  60
0152  60  60  50  45  40  60
0153  60  30  40  55  50  60
0155  40  40  50  40  40  40
0160  40  30  30  35  30  40
0163  40  60  30  50  60  40
0164  60  30  40  55  30  60
0165  40  40  30  45  50  40
0166  40  70  60  40  50  60
0167  40  30  70  40  40  40
0168  40  30  40  65  40  60
0169  40  50  60  45  50  60
0170  40  50  40  45  40  40
0171  40  60  40  45  50  60
0172  80  40  30  50  40  40
0176  40  50  40  50  40  40
0178  40  40  40  40  50  60
0181  40  70  50  50  50  80
0182  40  40  60  60  50  60
0183  60  30  50  65  40  60
0184  40  60  30  50  60  60
0185  40  40  30  35  40  60
0186  60  40  40  40  40  60
0187  60  50  50  45  40  60
0188  60  40  60  45  60  60
0189  40  30  50  40  40  60
0190  40  50  60  50  40  60
0194  40  80  40  35  50  40
0195  60  30  60  60  30  60
0196  40  50  40  40  30  40
0197  60  40  40  55  40  80
0198  60  80  50  55  30  60
0199  40  50  30  65  50  60
0200  40  40  40  50  50  40
0201  60  30  70  40  40  60
0203  40  30  40  55  40  40
0204  60  40  30  50  30  40
0205  80  30  30  40  30  60
0208  60  70  50  60  40  40
0211  40  40  40  55  40 100
0212  80  30  50  60  40  60
0213  60  30  40  55  40  40
0214  60  30  30  50  40  40
0215  40  30  50  55  40  40
0216  60  40  60  55  40  40
0217  60  30  70  45  60  60
0218  60  50  50  55  30  40
0219  80  40  40  40  50  60
0221  40  30  30  45  50  40
0223  60  40  40  40  50  40
0224  40  40  40  55  30  40
0226  40  50  30  50  40  60
0228  40  30  40  45  40  40
0229  60  30  60  50  40  40
0231  60  60  50  50  30  80
0232  60  40  60  45  60  60
0233  60  40  60  40  60  60
0234  40  30  60  50  40  40
0236  40  50  30  45  30  60
0238  40  40  30  50  50  40
0241  60  40  30  40  30  60
0242  40  50  50  45  50  40
0244  60  60  40  55  40  60
0245  40  50  50  45  50  60
0247  60  40  40  50  30  60
0248  60  30  60  35  50  40
0249  40  40  40  45  40  40
0251  40  70  40  40  50  60
0252  40  40  50  50  80  60
0253  40  40  50  45  30  40
0256  60  40  40  40  40  60
0257  40  50  60  45  40  60
0259  40  70  30  45  60  60
0261  60  30  40  50  40  40
0262  40  40  40  40  40  40
0263  40  30  60  50  50  40
0266  40  40  40  45  40  40
0267  40  50  40  40  70  60
0268  60  40  40  45  30  60
0269  40  50  40  55  40  60
0270  60  30  40  45  30  60
0271  40  60  30  45  50  40
0273  60  50  40  40  40  40
0274  80  30  40  45  70  60
0275  60  50  40  45  40  60
0276  60  30  60  50  50  80
0277  80  60  40  50  30  60
0278 100  60  40  45  40  60
0281  40  40  60  50  40  40
0284  60  50  30  50  50  40
0288  60  60  40  55  30  60
0289  60  60  40  50  50  60
0290  60  50  40  45  50  40
0291  60  50  70  45  30  40
0293  80  30  30  50  40  40
0294  60  60  40  35  50  60
0296  40  50  40  50  60  40
0297  60  50  60  40  50  80
0299  60  40  30  45  50  60
0301  60  40  50  55  60  40
0303  40  30  60  50  40  40
0304  40  50  40  55  50  40
0306  40  60  40  45  40  40
0308  40  40  50  50  30  80
0310  40  30  60  50  50  60
0311  80  40  50  50  50  40
0312  60  30  40  45  60  60
0313  40  40  50  50  30  40
0314  60  40  40  70  30  60
0317  40  40  60  45  50  40
0324  40  30  60  60  40  40
0325  40  50  30  55  40  40
0326  80  40  50  35  40  60
0328  40  30  40  45  50  60
0330  60  30  40  55  60  60
0333  60  40  40  45  50  40
0340  40  50  60  70  50  40
0342  40  30  40  45  40  60
0343  40  30  40  50  30  60
0348  40  90  60  50  50  40
0349  40  60  40  55  30  60
0350  80  40  50  45  40  40
0352  40  30  40  45  40  60
0356  60  40  50  45  40  60
0357  60  50  60  50  50  40
0358  40  50  30  50  40  60
0360  40  30  30  35  30  40
0363  40  30  50  40  40  60
0364  40  70  50  40  40  60
0365  60  50  50  35  50  40
0367  60  40  40  55  50  40
0370  60  50  60  45  60  40
0371  40  50  40  50  50  60
0374  60  30  40  40  30  60
0377  80  50  50  50  40  40
0378  40  30  50  50  30  40
0379  60  40  30  55  50  40
0380  40  50  30  40  30  40
0383  40  40  40  60  40  80
0387  60  50  50  60  40  60
0389  40  50  30  40  40  40
0390  40  40  30  50  40  60
0391  60  30  30  40  50  60
0394  40  70  40  60  40  40
0395  40  50  60  40  30  60
0396  60  40  50  55  40  40
0397  60  40  50  50  60  60
0398  40  40  40  45  40  60
0399  40  50  50  45  50  40
0400  40  30  30  35  30  40
0401  60  30  50  65  30  40
0404  60  30  60  45  40  40
0405  80  40  40  45  40  60
0407  60  40  60  40  50  40
0412  60  40  50  40  50  40
0413  40  50  40  40  60  40
0415  40  30  40  50  40  40
0418  40  30  40  50  50  60
0423  40  30  60  45  60  40
0427  40  50  40  55  40  40
0430  40  40  40  55  40  80
0431  60  40  30  55  30  80
0432  40  50  30  50  50  80
0433  60  50  40  50  40  40
0434  60  30  40  40  30  40
0438  60  30  30  50  40  60
0439  40  80  50  55  50  60
0440  40  40  40  45  40  40
0441  80  60  50  40  50  40
0445  60  30  40  60  50  40
0446  40  30  30  45  80  60
0447  80  40  60  55  40  60
0449  40  40  40  45  30  60
0451  80  50  60  45  50  40
0452  40  30  30  45  50  60
0455  40  50  30  55  30  60
0456  40  50  40  70  40  40
0457  40  50  50  55  40  40
0460  40  40  40  45  60  80
0461  60  50  40  50  40  40
0464  60  70  40  45  50  60
0466  60  50  60  45  50  40
0469  40  40  30  50  30  60
0473  40  40  30  55  60  60
0474  40  50  40  40  30  40
0475  60  30  40  45  50  40
0478  40  50  40  45  50  60
0479  40  40  30  45  50  40
0482  40  50  30  55  50  40
0483  40  40  30  65  30  40
0485  60  50  40  40  40  60
0487  80  40  40  40  40  40
0495  60  40  40  55  30  40
0498  60  50  50  45  40  40
0503  40  40  30  55  30  80
0505  40  60  40  45  50  40
0507  40  50  30  65  60  40
0511  60  30  30  40  40  40
0514  40  40  50  50  40  60
0517  80  40  30  55  40  60
0520  60  40  60  50  60  80
0522  60  50  30  55  40  40
0523  40  40  70  55  50  40
0529  60  30  30  50  60  40
0530  40  40  50  45  40  60
0531  40  50  40  40  50  40
0534  60  50  50  45  40  40
0540  40  30  30  35  30  40
0543  80  50  50  50  30  60
0544  60  50  50  50  50  60
0545  40  30  50  50  60  60
0549  40  40  50  65  40  40
0551  40  30  30  45  40  40
0552  60  50  30  50  60  40
0554  40  40  30  55  50  80
0555  60  50  40  50  30  80
0559  60  40  40  55  30  60
0561  60  40  30  60  30  40
0562  40  40  70  45  40  60
0564  80  40  40  40  30  60
0567  60  40  40  55  30  40
0570  40  40  40  45  30 100
0572  60  50  50  40  30  60
0573  40  40  40  50  40  60
0574  40  40  40  45  50  60
0578  40  40  40  45  40  40
0582  60  60  40  35  40  80
0584  40  50  40  50  30  60
0585  40  40  30  45  40  60
0588  40  50  50  40  50  40
0593  60  60  40  40  40  40
0594  40  30  40  50  30  60
0595  40  60  70  40  30  80
0596  60  60  30  45  40  40
0597  60  50  30  50  30  40
0600  40  30  30  35  30  40
0601  40  50  50  55  50  40
0602  60  40  50  45  50  60
0605  40  40  60  35  50  60
0606  80  50  50  45  30  40
0608  40  40  30  50  40  60
0609  40  50  50  40  40  60
0610  40  50  50  35  40  40
0619  60  40  40  50  30  40
0621  60  40  30  45  30  60
0623  40  80  40  40  40  40
0624  40  40  40  50  40  60
0627  60  40  30  40  50  40
0630  40  30  30  50  30  40
0632  60  60  50  50  40  60
0633  40  50  40  40  30  60
0634  60  30  70  50  50  40
0635  60  30  30  60  50  40
0637  60  40  40  40  60  40
0639  40  50  40  45  40  40
0641  60  60  80  55  40  60
0642  60  50  60  40  50  60
0643  40  30  50  55  40  60
0644  60  40  40  40  50  60
0645  60  50  60  45  50  60
0651  40  40  60  45  30  60
0652 100  60  40  45  60  60
0654  40  30  40  50  40  80
0655  40  40  70  50  30  40
0660  40  30  30  35  30  40
0663  40  50  30  45  50  40
0666  80  50  30  45  50  60
0667  40  40  70  60  50  60
0668  40  60  70  55  40  60
0669  60  40  50  60  40  40
0673  60  40  50  45  50  40
0675  40  40  30  45  30  40
0676  60  30  40  35  30  40
0680  40  30  40  40  50  60
0682  60  50  40  45  50  60
0683  40  50  60  50  50  40
0684  40  50  50  45  30  60
0685  40  50  40  55  50  60
0686  80  50  50  40  40  40
0689  40  40  50  45  30  60
0690  80  30  30  50  40  40
0693  40  50  30  40  50  60
0696  60  50  50  55  40  60
0697  40  50  40  35  40  40
0698  80  40  40  35  40  60
0699  40  40  50  50  40  40
0703  60  50  40  45  30  40
0705  40  40  60  55  40  40
0712  60  40  40  55  50  60
0713  40  40  30  45  60  60
0717  40  40  30  45  50  40
0722  40  60  50  55  40  60
0724  80  50  40  50  40  60
0725  60  30  60  40  40  40
0727  60  50  30  45  30  60
0728  40  50  30  45  50  60
0729  60  50  40  45  50  60
0732  60  30  40  50  40  40
0735  40  50  40  45  50  80
0738  40  30  50  35  40  40
0740  40  50  40  50  50  40
0744  60  50  30  45  50  40
0745  60  50  40  50  50  60
0747  60  50  40  40  40  80
0752  60  30  50  40  40  40
0756  60  70  60  45  40  60
0757  80  50  70  40  60  40
0758  60  30  30  55  30  60
0759  40  30  80  50  40  60
0768  60  50  50  40  40  60
0769  40  40  30  45  50  60
0770  40  40  50  40  40  60
0775  40  60  40  55  40  60
0776  40  60  50  60  30  60
0777  40  50  40  40  40  60
0780  40  30  30  35  30  40
0782  40  40  50  40  40  40
0784  80  60  40  40  40  40
0785  40  30  50  60  40  40
0786  40  30  50  60  40  60
0787  40  70  40  50  50  40
0791  40  60  40  50  40  40
0792  40  30  70  40  70  40
0794  80  30  40  50  50  40
0796  40  40  50  45  40  40
0797  40  30  30  45  30  40
0798  40  50  50  55  30 100
0800  40  30  30  35  30  40
0802  40  30  30  40  30  60
0803  60  30  50  40  60  40
0806  40  40  30  70  50  60
0809  40  70  30  60  40  60
0811  60  30  30  45  40  40
0812  40  60  50  45  40  80
0813  40  40  60  65  50  40
0814  60  40  60  50  40  40
0816  60  30  60  60  40  40
0817  60  30  40  50  60  60
0818  80  60  30  50  40  60
0821  60  50  40  50  30  60
0822  60  30  50  45  50  60
0823  60  30  50  50  70  40
0826  60  60  40  50  50  60
0827  80  50  50  70  30  40
0828  80  40  60  55  50  40
0830  40  30  50  55  50  60
0831  40  40  60  40  30  40
0835  40  40  50  45  30  40
0837  60  40  50  40  40  60
0838  60  40  40  45  40  80
0840  40  30  30  35  30  40
0841  60  30  30  50  50  60
0843  60  60  50  50  60  60
0844  40  50  50  45  40  60
0846  60  50  60  50  50  40
0848  60  50  70  50  50  60
0849  60  50  60  45  40  80
0850  40  50  30  40  40  40
0852  60  30  50  50  40 100
0854  40  50  50  50  30  40
0856  40  40  30  50  30  40
0860  80  30  50  50  30  40
0863  60  40  40  55  30  40
0864  60  40  60  45  60  60
0865  80  60  40  40  50  60
0867  80  40  30  40  50  60
0868  60  40  50  45  30  40
0869  40  50  60  40  30  60
0873  80  50  40  45  40  60
0874  40  40  40  45  40  40
0875  60  50  50  45  30  40
0876  40  50  50  45  60  40
0882  60  40  40  50  60  40
0883  60  30  40  45  50  40
0892  40  50  50  55  30  40
0893  40  40  40  50  40  40
0894  60  40  40  40  50  40
0896  40  40  50  45  50  60
0897  40  40  40  50  40  40
0898  80  30  40  55  30  40
0900  40  30  30  35  30  40
0901  80  40  50  50  50  40
0904  40  50  50  50  70  60
0905  40  30  40  35  50  60
0908  40  30  50  45  40  40
0912  80  40  50  45  30  40
0913  40  30  40  55  60  40
0914  40  60  60  50  60  40
0917  60  50  30  40  40  60
0920  40  70  40  60  40  40
0924  60  30  50  40  40  40
0926  60  70  40  50  60  60
0927  60  40  50  55  50  40
0928  40  50  40  40  40  60
0929  60  50  50  60  50  80
0930  40  40  60  50  30  40
0934  60  30  50  35  50  60
0936  40  30  40  40  60  40
0938  40  50  40  55  50  40
0939  60  40  30  45  40  60
0942  60  40  40  40  40  60
0947  40  40  60  45  40  60
0948  60  30  40  45  50  60
0949  60  40  50  50  60  40
0950  40  50  50  55  60  60
0951  80  40  30  60  60  60
0956  40  40  50  55  30  60
0958  40  50  40  45  30  40
0962  60  40  60  40  40  40
0966  40  40  30  45  40  60
0967  40  50  60  45  60  60
0969  60  40  50  45  40  40
0970  60  40  50  45  50  60
0971  40  30  50  60  50  60
0973  40  60  60  50  30  40
0974  40  40  50  60  40  60
0976  40  40  30  40  40  40
0977  60  30  50  55  40  40
0979  60  50  40  35  40 100
0980  60  40  30  40  40  40
0985  80  30  30  40  60  40
0992  40  60  60  50  30  40
0993  40  50  40  55  50  40
0995  40  30  50  60  40  60
0997  40  40  30  40  40  40
0999  40  40  50  50  70  40
1000  40  50  60  40  50  40
1002  40  30  70  55  40  60
1006  40  50  50  50  40  40
1007  40  40  40  50  60  60
1009  60  70  30  40  30  40
1010  60  30  50  40  40  40
1013  60  50  30  45  50  40
1014  60  40  40  50  50  60
1016  40  30  40  45  40  40
1017  60  50  50  55  30  40
1018  60  60  40  55  50  60
1020  40  30  30  35  30  40
1023  40  30  60  65  50  40
1024  40  40  60  50  40  40
1025  60  30  50  50  40  60
1029  40  30  40  55  30  60
1030  60  40  40  45  30  60
1031  60  50  40  50  50  60
1032  40  60  30  55  40  60
1033  80  40  50  60  40  40
1035  60  30  40  45  60  40
1037  40  40  50  35  60  40
1038  60  30  30  40  40  60
1039  40  30  50  45  40  40
1040  40  30  30  35  30  40
1041  60  30  40  40  30  80
1043  80  30  30  45  50  40
1045  60  40  40  50  40  40
1048  40  40  70  35  40  40
1050 100  30  50  45  50  40
1051  40  40  50  55  50  60
1052  60  30  50  45  60  40
1054  40  40  50  35  60  60
1055  40  50  50  40  30  60
1056  40  50  40  55  50  40
1057  80  50  40  45  40  40
1059  60  40  50  55  30  60
1061  60  40  60  65  30  40
1063  60  60  50  45  30  40
1064  40  30  40  50  40  60
1070  40  40  40  55  60  40
1071  60  60  50  55  30  40
1077  60  30  30  40  30  40
1080  40  30  30  35  30  40
1081  60  50  60  45  40  40
1082  80  70  40  40  40  40
1083  80  40  60  50  50  40
1085  40  40  50  55  50  40
1088  40  40  30  65  40  40
1089  40  40  40  55  60 100
1090  60  60  40  50  40  40
1100  80  50  30  45  70  60
1101  60  60  40  60  40  60
1103  40  50  50  45  30  60
1105  40  70  40  50  60  40
1110  40  30  60  65  30  60
1111  40  40  40  55  40  60
1112  40  70  70  40  50  40
1114  60  50  40  40  40  40
1117  60  30  50  55  50  60
1118  40  30  50  45  30  80
1119  60  30  50  35  30  60
1122  60  50  60  55  50  60
1125  60  40  40  60  50  60
1126  60  30  40  55  30  40
1128  80  30  40  60  50  80
1129  60  40  40  55  40  40
1132  40  40  40  35  50  60
1137  40  50  40  50  60  40
1140  40  30  30  35  30  40
1141  40  50  50  40  60  60
1142  60  50  30  50  50  40
1143  40  50  40  50  40  60
1146  40  40  40  70  30  40
1152  40  40  60  35  60  40
1153  40  60  50  55  30  40
1154  40  50  30  45  50  60
1155  80  70  50  45  50  40
1156  60  50  30  50  70  40
1157  60  30  50  55  40  60
1160  40  50  40  45  40  40
1161  40  60  30  45  50  40
1165  40  30  40  45  30  80
1168  40  50  50  40  30  40
1174  40  40  50  40  50  80
1175  60  50  60  50  70  60
1176  40  50  40  45  50  40
1177  40  50  40  50  40  40
1179  80  50  50  50  40  80
1180  60  40  40  50  50  60
1182  40  60  60  45  30  40
1184  40  60  40  55  40  80
1185  40  40  50  50  50  40
1187  40  80  80  35  40  60
1188  60  50  40  45  30  60
1190  60  30  50  60  30  60
1191  40  30  30  55  60  60
1193  40  40  30  45  80  60
1196  40  40  40  45  30  60
1197  40  50  30  45  30  60
1200  40  30  30  35  30  40
1201  40  40  50  45  60  60
1205  60  40  50  35  40  40
1206  40  60  30  35  30  40
1208  40  50  30  35  60  60
1210  60  40  40  55  50  40
1213  40  40  40  40  40  40
1214  40  40  30  40  30  40
1216  60  30  50  50  40  40
1222  60  40  60  40  40  80
1226  60  50  40  45  40  40
1227  60  30  60  60  50  60
1229  80  40  50  45  30  40
1233  40  50  70  45  40  40
1234  40  40  30  60  40  40
1235  80  50  30  45  40  60
1237  80  40  50  55  40  40
1242  60  60  30  45  50  40
1246  40  60  40  50  70  40
1247  80  60  50  50  30  40
1248  60  50  40  35  50  60
1249  60  50  50  55  50  40
1250  40  40  50  55  40  40
1255  80  40  40  50  50  40
1257  40  40  40  65  60  40
1258  40  30  30  45  70  60
1259  60  40  30  60  30  60
1264  40  40  50  45  40  40
1269  60  60  50  45  50  60
1271  60  50  50  50  60  40
1272  60  60  60  50  40  60
1274  40  30  40  45  40  80
1277  60  40  50  40  50  40
1278  80  40  60  45  40  40
1281  40  50  30  40  30  80
1288  80  30  60  45  30  40
1289  60  60  30  45  60  40
1290  60  50  50  40  60  40
1293  40  40  50  50  30  40
1295  60  30  60  45  60  60
1296  40  30  50  50  60  60
1300  60  50  30  40  40  40
1301  40  30  50  50  40  60
1302  80  40  60  45  40  40
1303  60  40  40  40  60  40
1304  40  50  40  50  60  40
1305  40  60  50  65  30  40
1307  40  70  40  35  50  80
1310  40  40  40  40  50  80
1314  60  30  40  50  40  60
1315  40  50  30  45  30  40
1316  60  40  40  60  40  40
1317  40  50  40  50  50  60
1319  40  40  40  65  50  60
1320  40  30  30  35  30  40
1323  60  30  30  55  50  60
1325  40  30  30  55  40  80
1326  80  30  50  55  60  40
1327  60  50  50  50  30  60
1328  60  40  50  40  40  40
1330  40  50  50  40  30  40
1332  60  40  50  70  60  60
1339  60  40  40  40  40  60
1343  40  40  50  45  50  40
1345  60  40  50  40  40  80
1346  60  50  50  55  40  40
1348  60  60  40  55  40  60
1350  80  70  50  40  40  60
1351  60  60  40  45  30  40
1352  80  30  50  50  60  40
1353  60  40  30  40  30  40
1354  80  50  50  60  40  80
1355  40  30  50  50  40  40
1356  40  40  30  50  70  40
1358  60  50  50  65  50  40
1360  40  30  30  35  30  40
1361  40  60  40  60  30  60
1362  60  30  30  45  60  60
1363  60  40  40  40  40  60
1367  40  40  40  55  40  40
1369  60  30  60  65  50  60
1370  40  30  30  55  60  80
1372  40  50  30  45  40  40
1376  60  30  40  50  40  40
1380  40  30  30  35  30  40
1382  40  40  40  40  50  40
1383  40  40  40  55  50  40
1384  40  50  50  60  70  40
1388  80  30  60  55  30  40
1389  60  40  50  50  40  60
1393  40  40  60  50  70  40
1396  60  30  80  45  40  60
1398  80  40  50  55  50  60
1401  60  30  40  50  30  60
1402  60  30  40  45  40  40
1403  40  60  40  50  70 100
1406  40  40  30  50  30  40
1407  60  60  50  50  50  60
1409  40  60  60  45  30  60
1410  80  40  40  50  30  40
1412  40  50  40  35  50  40
1413  40  60  40  60  60  40
1415  80  70  50  50  50  40
1416  80  40  30  45  40  60
1418  60  50  40  45  40  40
1421  60  30  70  45  40  60
1422  60  40  40  35  50  60
1423  40  50  40  50  30  60
1424  40  40  40  50  50  40
1426  40  60  40  55  50  60
1427  40  60  40  55  40  60
1430  40  40  40  45  50  40
1431  60  40  40  45  40  40
1432  40  40  40  45  50  40
1433  60  40  40  35  30  40
1443  80  40  40  65  40  40
1448  80  40  30  50  40  80
1449  40  30  40  60  40  80
1452  60  30  50  45  60  60
1456  60  50  50  50  40  60
1458  40  50  40  50  30  40
1464  40  30  30  45  40  60
1466  60  30  40  55  50  40
1467  40  60  30  35  60  40
1469  80  40  30  50  50  40
1471  60  40  50  45  30  40
1477  60  60  50  45  50  60
1478  40  50  30  45  50  60
1481  60  60  50  40  50  40
1483  60  50  30  45  40  40
1485  40  40  50  45  30  40
1487  60  30  60  45  50  40
1488  60  40  30  55  30 100
1489  60  40  40  60  50  80
1490  40  40  40  45  70  60
1491  60  50  40  40  40  60
1492  40  50  40  45  40  40
1493  60  30  30  40  30  40
1495  60  50  40  45  50  60
1501  40  50  50  60  50  40
1504  60  50  50  35  40  40
1505  40  50  40  45  30  40
1506  40  50  40  45  50  40
1512  60  30  30  45  30  40
1514  60  30  70  45  40  40
1517  60  60  50  45  40  60
1519  80  60  60  45  60  60
1521  40  30  40  45  30  60
1522  80  50  30  45  40  60
1523  60  60  40  65  60  40
1524  40  50  50  40  40  60
1525  40  40  40  50  30  40
1527  40  30  50  35  40  60
1528  80  40  60  50  30  40
1530  40  40  40  50  40  80
1531  60  30  30  50  40  60
1532  40  40  30  60  40  40
1533  40  60  30  40  60  40
1538  60  40  50  65  40  60
1540  40  30  40  45  50  60
1541  40  30  40  45  40  40
1546  40  30  40  50  50  60
1547  40  30  30  40  30  80
1559  40  40  50  55  30  40
1560  40  30  30  35  30  40
1563  60  30  40  50  40  80
1565  60  40  40  50  30  40
1568  80  40  50  45  60  60
1569  60  30  50  40  50  60
1577  60  50  30  40  60  80
1579  60  30  50  55  50  40
1580  60  40  40  55  40  40
1581  40  30  40  50  50  40
1583  40  40  50  55  30  60
1586  60  30  40  50  60  40
1587  60  50  30  45  30  60
1591  60  50  30  50  50  40
1593  60  30  30  50  50  40
1596  60  40  50  40  50  40
1598  60  30  40  45  40  40
1602  40  70  50  45  40  40
1605  40  50  30  55  40  40
1606  40  50  40  40  50  80
1607  60  40  60  50  40  60
1608  40  40  50  45  50  60
1609  60  40  40  55  70  40
1612  60  70  40  45  60  40
1613  60  40  50  50  50  40
1614  60  40  30  45  40  60
1615  40  60  40  55  50  60
1616  40  40  40  45  30  40
1618  60  30  50  60  50  40
1623  40  40  50  40  60  40
1624  80  40  50  55  60  40
1625  60  60  60  45  40  40
1626  40  50  50  50  30  40
1628  40  50  50  55  50  40
1632  80  30  50  55  50  40
1633  60  70  60  40  30  80
1634  60  50  60  55  30  40
1635  40  40  30  45  50  60
1637  40  40  40  45  40  40
1642  40  30  50  50  30  60
1644  40  30  50  50  30  40
1646  40  40  30  45  40  80
1648  40  40  30  55  60  60
1650  60  40  30  55  40  60
1651  40  40  40  45  40  60
1652  40  40  30  45  70  60
1653  40  40  40  50  30  40
1654  80  50  40  65  50  60
1655  60  40  40  40  30  40
1659  80  50  60  45  40  60
1660  40  40  40  50  40  40
1667  80  30  60  55  50  60
1669  80  40  60  50  50  80
1670  40  60  50  50  40  40
1672  40  50  30  45  40  60
1675  60  40  40  40  60  40
1677  40  70  40  55  80  40
1682  60  40  50  50  30  40
1687  40  30  50  45  50  40
1688  60  50  50  50  50  80
1690  80  30  40  40  30  40
1692  60  40  50  55  50  40
1695  40  50  50  40  40  40
1697  60  40  40  40  60  40
1699  60  40  50  55  30  40
1700  60  40  30  60  50  40
1705  60  50  30  35  40  80
1707  40  60  40  45  40  60
1708  60  40  40  40  40  40
1710  60  50  30  40  50  80
1712  40  50  30  50  60  80
1714  60  30  50  65  40  80
1716  60  50  40  50  40  60
1720  40  50  50  50  30  40
1721  40  50  50  50  40  60
1731  40  30  50  50  40  60
1733  40  30  50  35  30  40
1734  60  40  40  50  30  40
1737  40  40  30  35  80  40
1738  40  40  30  45  60  40
1739  40  50  50  50  40  40
1741  60  40  30  40  40  40
1742  40  70  70  40  50  40
1745  60  50  30  50  50  60
1746  40  40  50  45  70  40
1753  40  80  30  50  30  60
1754  80  40  50  40  50  80
1756  60  40  60  60  50  60
1758  60  30  40  40  50  40
1759  60  30  50  70  50  60
1760  40  30  30  35  30  40
1761  40  30  60  40  40  60
1762  40  40  50  50  40  60
1763  40  70  40  50  60  40
1765  40  50  60  50  50  60
1768  40  50  40  45  50  40
1769  60  30  50  55  50  40
1771  80  40  40  50  50  40
1773  40  50  60  40  30  40
1774  40  50  30  40  40  40
1776  40  30  50  55  40  80
1777  40  30  50  75  50  40
1779  80  50  50  40  40  60
1780  60  40  50  40  30  60
1781  60  30  40  40  50  40
1784  60  40  40  40  30  60
1786  40  50  60  45  30  60
1789  40  40  50  45  30  60
1792  60  40  50  60  40  40
1793  60  50  50  50  50  40
1795  80  50  40  40  40  40
1797  60  50  50  40  60  80
1801  60  40  30  55  40  40
1805  40  30  30  45  30  80
1808  60  30  40  55  50  60
1813  40  40  30  50  50  40
1818  40  50  40  45  40  60
1821  60  50  50  45  50  40
1824  80  40  40  40  30  40
1826  40  40  40  45  40  60
1830  40  40  70  55  30  60
1837  40  40  40  45  40  40
1841  60  30  40  55  30  40
1844  40  40  70  50  40  40
1845  40  50  60  60  40  60
1847  40  40  40  40  40  40
1848  40  40  30  40  50  40
1850  60  30  50  45  60  40
1851  40  40  50  40  50  40
1853  60  50  60  60  30  40
1854  40  50  50  50  30  40
1855  60  50  40  50  40  60
1856  60  50  50  40  40  40
1858  40  40  40  45  40  60
1859  40  40  60  55  50  80
1864  40  30  50  35  60  40
1865  40  60  50  50  30  40
1866  80  70  40  50  40  40
1867  60  40  40  40  40  40
1868  60  50  40  50  40  40
1869  60  40  70  45  40  40
1871  40  60  60  55  30  40
1874  60  40  30  40  40  60
1875  40  50  30  40  50  60
1876  40  40  50  50  30  60
1878  40  40  30  35  40  60
1883  40  40  40  45  40  60
1887  60  50  50  55  40  60
1891  60  30  40  50  40  40
1892  40  70  50  45  40  40
1893  40  50  30  40  30  60
1894  60  30  50  40  30  40
1897  60  40  50  50  40  40
1898  60  60  40  65  50  60
1900  40  40  50  55  50  80
1902  40  40  60  40  60  60
1905  40  50  70  55  40  80
1907  40  40  30  35  40  60
1908  80  60  50  45  50  40
1909  60  50  60  45  50  60
1911  80  70  30  45  30  40
1913  60  30  60  55  60  40
1914  40  40  30  50  40  60
1917  60  40  40  50  50  40
1919  60  60  30  45  30  40
1920  40  30  30  35  30  40
1922  60  60  50  60  40  60
1924  40  40  30  40  50  60
1930  40  40  40  50  30  40
1931  40  40  50  45  50  40
1933  60  30  30  40  50  60
1934  60  40  40  50  40  40
1935  60  40  30  50  30  60
1936  60  30  50  50  40  40
1940  40  30  50  50  50  60
1942  60  60  50  40  40  40
1946  40  30  60  45  30  60
1952  40  40  50  50  40  40
1953  60  40  30  50  50  40
1954  40  30  30  45  50  40
1959  60  40  40  45  60  60
1962  60  40  30  50  30  40
1963  40  60  60  55  50  40
1964  60  50  60  40  60  40
1965  40  70  30  50  40  40
1967  40  60  40  45  60  60
1969  60  60  50  45  30  40
1971  60  50  30  50  50  40
1972  80  60  30  55  50  60
1974  60  40  40  50  40  60
1975  40  60  50  45  60  60
1978  40  40  40  40  40  60
1979  60  30  50  45  80  40
1980  40  30  30  35  30  40
1985  60  40  40  45  60  40
1989  40  50  60  70  30  60
1992  40  50  30  45  40  40
1995  60  40  30  45  60  40
1996  60  40  30  60  40  40
1997  40  30  40  40  60  60
1998  60  30  40  40  50  40
1999  40  50  40  60  40  60
2001  60  30  50  40  40  60
2003  80  50  50  50  30  60
2004  40  30  50  50  30  40
2005  40  40  50  50  50  40
2007  40  40  40  45  50  40
2008  40  40  30  45  40  60
2010  40  50  60  45  50  40
2011  60  70  30  45  40  80
2013  40  30  30  50  50  40
2014  60  40  60  40  40  40
2015  60  50  40  45  40  40
2017  40  50  40  40  40  40
2021  60  30  50  45  30  60
2022  40  30  30  55  50  40
2025  40  60  50  60  30  60
2026  40  50  60  40  40  60
2029  80  40  40  50  50  80
2031  40  40  40  45  30  60
2032  40  50  50  40  40  60
2033  40  30  70  45  40  40
2034  60  50  30  50  30  40
2035  40  60  30  60  30  40
2036  80  30  60  40  40  80
2037  40  60  30  50  30  40
2039  40  50  50  50  60  40
2045  80  30  40  40  30  40
2047  60  50  60  55  50  40
2049  60  30  50  45  40  40
2051  40  30  50  40  40  60
2052  60  50  50  50  50  40
2055  80  40  40  40  50  40
2057  40  50  50  40  30  60
2059  60  40  50  50  60  80
2065  40  50  40  45  30  60
2066  40  40  50  40  50  60
2071  60  30  30  45  40  40
2073  60  60  50  45  30  40
2074  60  60  40  65  40  60
2075  40  50  30  65  60  40
2077  40  40  30  35  60  60
2078  40  40  30  40  30  60
2080  40  30  30  35  30  40
2081  40  50  60  50  50  60
2085  40  50  60  55  30  60
2091  60  60  40  55  40  40
2096  60  30  30  55  50  40
2097  40  40  40  50  70  60
2098  80  40  50  45  40  40
2100  40  30  30  35  30  40
2102  40  50  40  40  50  40
2104  40  30  40  45  40  40
2110  60  40  30  50  30  40
2111  60  70  40  50  60  60
2112  60  40  40  60  40  60
2117  40  30  40  50  40  60
2118  40  40  30  60  50  40
2119  40  50  60  40  40  40
2121  80  30  30  50  50  60
2122  40  50  60  50  60  40
2124  40  60  40  45  60  40
2127  60  30  40  40  50  40
2128  80  40  40  50  60  40
2130  60  50  30  55  50  60
2133  40  40  40  55  40  40
2134  80  40  50  40  60  40
2138  80  30  30  50  50  60
2141  40  40  40  55  50  60
2143  60  40  30  55  50  60
2145  40  30  50  45  60  60
2147  60  40  40  50  50  40
2148  40  50  40  60  40  40
2149  60  30  30  50  40  60
2152  80  50  50  50  40  60
2157  80  40  30  40  40  40
2159  60  30  60  45  40  40
2160  40  30  30  35  30  40
2161  60  40  40  55  60  40
2163  40  40  40  40  60  60
2168  60  30  30  50  60  60
2170  40  50  50  55  50  40
2172  60  50  40  45  40  40
2175  40  50  40  60  60  60
2176  40  40  60  50  40  60
2177  60  40  30  50  40  40
2179  60  70  40  55  30  40
2181  40  30  50  50  30  40
2182  40  40  50  65  80  60
2184  60  40  40  60  40  60
2185  40  30  50  40  40  60
2189  40  30  40  45  50  60
2190  40  40  40  55  50  40
2191  60  50  30  35  50  60
2192  60  50  50  55  50  60
2194  40  40  40  50  60  40
2195  40  50  50  40  40  60
2196  40  40  40  45  60  40
2197  40  30  40  60  50  60
2198  40  40  40  50  30  40
2199  40  50  60  50  40  60
2200  60  30  60  45  40  60
2206  40  50  50  40  40  40
2207  60  50  40  40  50  40
2208  80  50  60  50  60  40
2209  60  70  60  50  50  40
2210  40  40  50  40  80  60
2212  80  60  30  50  30  40
2216  40  40  60  55  30  40
2218  40  30  50  60  70  40
2219  40  50  60  50  40  60
2220  40  30  30  35  30  40
2222  40  40  70  40  30  60
2224  60  60  50  50  40  40
2225  80  40  30  45  30  40
2227  60  30  50  60  40  40
2228  40  40  60  40  40  60
2229  60  30  40  45  40  40
2230  80  50  50  45  50  40
2233  80  50  30  60  40  40
2236  80  50  60  50  40  40
2237  40  40  50  45  60  40
2239 100  40  30  45  30  60
2242  60  60  50  55  40  40
2243  60  30  30  55  40 100
2244  40  40  40  45  40  80
2245  60  60  40  40  50  60
2246  40  40  30  45  30  40
2247  60  30  40  45  40  60
2249  40  40  40  55  30  40
2250  40  40  30  40  50  60
2251  60  40  30  55  30  60
2254  40  60  30  45  30  60
2256  40  50  50  50  30  60
2258  60  40  30  45  40  80
2259  60  30  50  55  30  80
2261  60  70  40  55  60  60
2263  60  40  50  50  30  60
2265  40  60  30  50  80  40
2269  40  40  40  40  40  40
2273  60  50  40  40  50  40
2275  60  60  40  55  40  40
2277  60  60  40  55  50  40
2280  40  30  30  35  30  40
2287  40  40  40  65  60  40
2288  40  40  40  50  60  40
2289  60  40  50  50  50  40
2292  80  40  50  50  40  80
2295  60  50  40  50  40  60
2296  40  50  50  50  50  60
2299  40  40  50  45  50  60
2301  40  40  30  50  50  80
2304  60  50  30  45  50  40
2307  80  40  70  60  50  40
2308  40  40  50  40  50  40
2310  60  30  50  40  50  80
2311  40  30  30  50  50  80
2314  60  60  50  45  60  60
2316  40  50  70  50  60  60
2318  40  70  60  50  30  40
2320  40  30  30  35  30  40
2322  40  50  60  60  50  60
2329  40  30  40  35  30  40
2333  60  30  30  50  40  60
2334  60  50  70  45  30  60
2337  60  50  40  40  50  60
2338  40  60  70  60  70  40
2341  40  40  60  45  70  60
2342 100  60  30  50  50  60
2346  60  50  40  50  30  40
2348  40  60  60  50  40  80
2350  40  60  40  50  30  40
2351  60  60  30  40  40  40
2352  40  40  30  55  40  40
2356  40  60  60  60  40  40
2357  40  60  40  50  60  40
2358  60  60  50  45  30  40
2361  40  50  40  50  40  60
2363  40  40  50  55  30  40
2370  40  40  40  45  40  40
2371  60  30  30  50  40  60
2373  60  50  40  45  40  40
2375  40  40  30  45  40  40
2376  80  60  40  50  50  40
2377  40  40  40  55  50  40
2379  40  60  60  45  40  60
2381  40  40  40  45  60  40
2382  60  50  40  50  30  60
2383  60  50  50  60  40  60
2384  40  60  30  50  30  60
2385  40  40  40  50  30  40
2386  40  50  40  60  40  60
2388  40  30  40  65  40  60
2390  40  70  30  40  40  80
2391  60  50  60  40  40  60
2400  40  30  30  35  30  40
2401  40  50  40  45  50  40
2402  60  40  40  45  40  60
2406  40  40  40  50  40  60
2410  40  30  60  45  40  60
2412  40  30  30  45  40  60
2415  40  40  60  55  50  80
2419  40  40  40  55  40  40
2421  40  50  60  45  40  60
2426  60  40  40  50  50  40
2427  40  50  50  45  40  40
2428  40  40  30  45  40  60
2430  40  50  30  40  70  40
2433  60  30  50  40  40  60
2438  60  40  50  40  40  40
2440  60  50  50  45  40  40
2441  60  50  60  45  40  80
2442  60  40  60  60  60  40
2447  40  40  40  45  50  40
2457  60  50  40  45  40  40
2458  40  30  70  40  30  40
2459  40  50  50  60  50  60
2461  60  40  60  50  50  60
2462  60  50  50  60  30  80
2464  40  40  40  45  50  60
2465  60  60  40  50  40  60
2467  40  50  40  55  50  40
2469  40  30  50  40  70  40
2470  40  30  50  50  60  40
2473  60  40  50  40  50  40
2474  60  70  40  50  50  60
2475  80  30  50  50  60  40
2476  40  60  30  40  50  60
2477  60  40  40  40  40  60
2479  60  60  40  50  50  40
2484  60  30  40  45  60  60
2485  60  40  50  50  60  60
2486  60  50  40  50  50  80
2488  40  30  70  50  50  60
2489  40  40  30  50  30  80
2491  40  60  50  50  50  80
2493  60  30  30  55  40  60
2494  40  60  30  50  40  80
2495  60  40  50  50  30  40
2496  80  50  40  40  40  80
2497  40  50  50  50  30  60
2498  60  40  50  35  50  60
2501  40  40  40  45  60  60
2502  60  30  30  55  40  60
2505  40  40  50  35  60  60
2506  40  30  50  50  50  60
2507  40  50  30  40  30  60
2508  40  50  50  55  40  60
2513  40  60  40  40  50  60
2515  80  40  40  45  50  40
2518  40  60  40  40  40  40
2519  80  50  40  45  30  40
2520  40  30  30  35  30  40
2523  60  50  30  45  50  60
2524  80  40  50  45  30  60
2525  40  40  40  45  40  40
2527  40  40  40  50  40  60
2531  60  40  30  35  60  40
2532  40  40  50  50  40  40
2533  40  30  40  50  40  40
2534  40  60  50  50  40  40
2535  60  30  40  45  40  40
2537  40  30  30  40  50  40
2539  60  40  40  50  50  40
2540  40  50  30  40  50  60
2542  60  40  50  65  40  40
2545  80  50  50  45  40  40
2546  60  40  50  40  40  40
2548  60  30  30  50  40  80
2552  40  30  50  45  40  40
2555  40  50  30  45  40  60
2558  40  40  50  60  40  40
2559  60  60  40  50  30  40
2560  40  30  30  35  30  40
2561  40  50  40  50  40  40
2562  40  30  30  50  40 100
2564  60  40  40  50  40  60
2565  40  40  40  55  40  60
2566  40  40  60  45  50  40
2567  40  40  60  55  70  40
2568  60  30  40  55  50  40
2570  60  40  50  35  60  40
2571  40  70  50  55  30  40
2574  60  50  50  50  30  40
2575  80  40  40  40  30  40
2576  40  40  40  50  50  40
2577  60  50  30  60  50  40
2578  40  60  50  45  30  40
2581  60  60  50  45  40  40
2582  40  40  50  60  50  40
2583  40  30  30  45  40  40
2585  80  30  40  50  60  60
2586  60  60  30  60  40  60
2589  80  40  30  55  40  40
2590  40  30  40  40  60  60
2593  60  40  30  40  40  40
2596  40  50  40  45  40  40
2600  60  40  70  60  50  60
2605  40  40  50  40  40  60
2606  60  30  50  55  40  80
2607  40  50  50  40  50  60
2608  60  40  70  40  40  60
2610  40  50  40  55  40  60
2613  40  50  60  55  40  60
2614  60  40  50  60  50  40
2616  40  60  40  40  30  60
2618  40  30  40  50  30  40
2620  80  70  30  50  50  60
2621  40  40  40  50  60  60
2627  40  50  30  45  60  40
2630  40  50  50  40  60  60
2637  40  30  50  45  50  40
2639  40  50  60  40  40  40
2643  60  50  30  55  30  60
2645  40  40  40  55  50  80
2646  40  50  50  45  40  40
2647  60  50  40  50  40  60
2651  40  50  30  50  30  60
2652  80  40  40  55  30  80
2654  40  50  40  50  40  80
2658  60  30  40  45  60  40
2660  60  60  30  50  50  60
2662  40  40  30  40  40  40
2663  60  30  40  40  40  80
2664  40  50  50  55  30  60
2665  40  60  60  45  40  60
2667  40  50  30  55  40  60
2668  60  50  30  40  70  60
2671  40  40  40  40  60  40
2672  40  70  60  40  40  40
2673  60  40  50  40  60  80
2674  40  50  30  40  30  40
2677  60  50  30  40  50  40
2678  40  30  30  40  50  60
2679  40  30  80  45  30  40
2688  60  40  50  55  40  40
2690  40  50  60  50  40  40
2692  40  40  30  50  40  40
2693  40  60  50  40  40  60
2695  40  30  40  50  50  40
2696  40  60  50  40  30  60
2697  40  50  60  70  40  40
2699  60  40  30  45  40  40
2701  40  40  50  45  40  60
2702  60  30  50  40  50  40
2703  60  40  40  45  30  40
2704  60  30  50  45  50  40
2707  40  40  50  45  40  40
2708  40  40  30  55  40  40
2709  40  60  30  45  30  40
2712  60  50  50  45  40  40
2713  40  40  60  45  40  60
2715  40  40  60  45  50  60
2721  60  40  60  55  40  60
2723 100  60  40  60  30  60
2724  40  30  40  40  30  40
2726  40  50  60  35  40  60
2727  40  40  50  70  60  40
2729  60  40  40  60  50  40
2730  40  50  30  50  30  60
2731  40  50  40  55  50  60
2733  40  60  70  65  40  60
2734  80  40  30  50  40  60
2738  60  30  50  60  40  40
2740  40  40  40  45  60 100
2741  40  40  40  60  40  40
2742  40  40  40  55  30  40
2745  60  40  30  50  50  60
2746  60  40  50  45  40  60
2748  40  50  60  60  50  60
2749  60  50  30  50  40  60
2750  60  60  60  55  40  60
2755 100  40  50  50  40  60
2756  40  50  50  45  70 100
2761  40  40  40  50  50  60
2763  40  30  30  55  30  60
2764  60  50  50  45  50  40
2771  60  40  40  55  40  60
2772  60  70  40  45  30  60
2773  60  40  40  35  30  80
2774  60  50  50  40  50  40
2775  60  30  30  45  40  60
2778  60  40  60  60  50  40
2779  40  40  40  45  40  40
2780  80  60  50  45  60  60
2781  60  60  30  50  50  40
2782  60  30  30  50  30  40
2784  60  60  50  55  40  60
2788  60  30  30  60  40  80
2790  40  30  50  55  30  60
2792  40  40  50  40  70  40
2793  40  50  50  50  40  40
2795  60  30  40  40  40  40
2797  60  50  40  55  50  60
2798  60  60  30  35  60  40
2800  40  30  30  35  30  40
2801  60  30  50  55  30  60
2802  80  40  70  45  30  60
2803  40  50  50  50  40  40
2804 100  30  70  40  50  40
2807  40  40  40  55  50  60
2812  60  30  40  40  60  40
2815  60  40  40  65  50  40
2817  60  40  30  55  40  60
2819  40  30  40  35  40  40
2828  60  70  60  50  50  60
2829  40  40  60  45  40  40
2833  60  50  50  55  40  40
2834  40  60  50  40  50  40
2835  60  50  30  40  30  60
2842  60  50  40  50  70  40
2846  40  60  50  45  40  40
2847  40  50  90  50  40  40
2848  60  40  40  50  40  80
2855  80  60  50  65  40  40
2856  40  30  40  45  40  60
2857  80  50  40  45  40  40
2862  80  30  30  50  50  60
2863  40  50  50  40  30  80
2865  60  40  40  55  40 100
2866  40  50  30  50  60  40
2873  60  60  40  40  50  60
2875  80  50  50  50  30  40
2877  60  50  30  40  40  80
2880  40  30  30  35  30  40
2881  40  30  30  40  60  60
2882  80  30  30  45  50  60
2885  60  40  40  40  70  40
2887  60  50  50  40  40  60
2888  60  50  40  45  40  40
2890  40  60  30  60  40  60
2893  40  30  50  50  30  60
2896  40  30  60  55  30  40
2898  40  40  40  60  50  40
2899  80  40  70  65  50  40
2901  40  30  30  50  50  60
2908  40  50  30  45  30  80
2909  40  50  30  50  30  80
2910  60  40  40  60  40  40
2911  40  30  30  45  40  40
2918  40  60  60  50  50  60
2921  40  30  40  45  60  40
2923  40  40  40  45  40  40
2924  40  40  30  55  40  40
2925  40  60  50  45  50  80
2926  60  50  50  50  40  40
2927  40  60  40  45  50  60
2928  60  30  30  50  50  40
2931  60  40  50  40  60  40
2933  60  50  30  50  40  60
2934  40  30  30  40  40  60
2935  60  40  30  45  40  80
2940  40  30  30  35  30  40
2941  40  30  40  50  50  40
2945  80  30  60  55  40  40
2947  40  30  60  50  50  40
2949  40  40  40  50  50  60
2950  40  40  40  50  70  60
2951  80  50  40  35  40  40
2954  60  40  50  60  30  60
2955  40  40  40  50  30  40
2958  40  60  40  40  40  40
2959  60  30  50  45  50  80
2967  40  40  40  45  50  40
2968  60  60  30  70  70  40
2971  40  50  60  45  40  60
2972  60  40  50  40  50  40
2974  60  40  60  60  40  40
2980  60  40  40  60  50  60
2982  40  50  30  40  40  40
2983  60  80  40  45  30  60
2989  60  40  60  50  70  60
2991  60  40  50  65  40  40
2992  60  40  40  45  60  60
2995  60  50  50  60  60  60
2996  60  50  40  45  30  60
3999  60  50  30  55  50  40
